0.2880031525124281	0.3180006700772716	0.3510334016673431	0.38740089636266395	0.4274318906635083	0.4714872035883012	0.5199629034766459	0.5732937820264061	0.6319572470322643	0.696477532770668	0.7674304217423977	0.8454482613046834	0.9312259401968331	1.0255268545328735	1.1291900075336039	1.2431376637624971	1.3683836726676493	1.5060428508665273	1.65734124185076	1.8236274298520925
0.7511448101941788	0.8299536635000744	0.916793501934082	1.0124612408985818	1.1178316979798457	1.2338652448790537	1.3616162710176338	1.5022425102738473	1.6570152726492788	1.8273308082084116	2.014722816415497	2.2208761062097087	2.4476419369308897	2.6970546790335357	2.9713503316056977	3.2729869299583267	3.604667132802891	3.9693628916936077	4.370343185964713	4.811204014234268
1.9002402064667046	2.101149586833822	2.3226760457403284	2.5668735953928516	2.8359967549938796	3.132520112956909	3.459160013151261	3.818898263157858	4.215008444281732	4.651084770193716	5.131074028867037	5.65931063513122	6.240555438029467	6.88003848129641	7.583506134592371	8.35727313257389	9.208280027992162	10.144156445902473	11.173291091334603	12.304908772796658
4.20635870286916	4.647220307438585	5.132649701560542	5.666971315789352	6.254913888432432	6.901647843538358	7.612826240441561	8.394629771440423	9.253815894717418	10.197773091620949	11.234580238550318	12.373071803482798	13.622909577333782	14.994661442708825	16.499887869066605	18.151237152715105	19.962550047897885	21.94897376427867	24.12709016445186	26.515052622175713
6.244919235570582	6.8476332483752325	7.5046057915970525	8.220284662106241	8.999446830816648	9.847222646344347	10.769122391107494	11.771065671146031	12.85941371010834	14.041005258123953	15.323196088293379	16.713902885901955	18.221651848175703	19.855632412021997	21.625756862486398	23.542726158666937	25.61810277628852	27.864391207653018	30.29512691565206	32.924974398166874
6.641091893753913	7.217712824149286	7.842350880100383	8.519198721250687	9.25290720539067	10.0486476784431	10.912183658630344	11.849951452150169	12.869151100070496	13.977848687199472	15.185091264237471	16.501035677530414	17.937093067922063	19.50609061150016	21.22245242200087	23.102402872817613	25.16419332491012	27.42835679751164	29.917993290171818	32.659089414425
7.3658333083735785	8.03876243783715	8.779687707096647	9.596510783706531	10.498115999764366	11.494486487422947	12.59683373295654	13.817740574713067	15.171320612673687	16.67339522172148	18.341690364601526	20.19605561103038	22.25870789483791	24.554503066500658	27.111238199870783	29.95998811446147	33.13548119016112	36.6765168641223	40.6264316378378	45.03361788837946
8.20566680061999	8.977947076801428	9.831878106007828	10.776725950583774	11.82278495502292	12.981484538195266	14.265507028875064	15.688917840400123	17.267309025833548	19.01795792239681	20.96000240840383	23.11463426057009	25.505313076072063	28.158002164495848	31.101429235393073	34.36737424895305	37.990987457809986	42.011139797580405	46.47081063775778	51.4175148309368
8.590446094958077	9.377219552500609	10.243956664864594	11.199012064721906	12.251569753992722	13.411721433754256	14.69055297295274	16.10023856668797	17.654144654572157	19.366943723793447	21.25473933640005	23.33520299814169	25.627725099904595	28.153579670809098	30.936105720326534	34.000906106192176	37.37606573978343	41.09239097250231	45.18367237234525	49.68697305412604
8.928837445163836	9.718650867055155	10.583907722763541	11.531733086616631	12.569883467118819	13.706801395861259	14.951675227964584	16.3145038916551	17.806168004235168	19.43850701024145	21.224403517251375	23.177875163417045	25.314174840374875	27.64990000364019	30.203111879248365	32.99346555274184	36.04235159735319	39.373051510911424	43.01090613588599	46.98350047348259
9.104425033975302	9.869353941572747	10.701536051251015	11.606643004229634	12.590794268562133	13.660592472312544	14.823161924372634	16.086190210054667	17.457973294667724	18.947464621350715	20.564328132072795	22.318995925280028	24.222730812840773	26.287693815556906	28.527018625691944	30.95489084263086	33.58663535866291	36.4388107762925	39.52931220205861	42.87748310114748
9.038365692850714	9.744748514854003	10.507265487143613	11.330101267294099	12.217734463591936	13.174959038066355	14.206907726924955	15.319077080695978	16.517354714829366	17.808048763351763	19.19791973701305	20.694215079019536	22.304706608065263	24.037731001613853	25.902233946258004	27.907817986853832	30.064794261391043	32.38423914275277	34.87805548714448	37.55903949395053
8.756635292804567	9.383497507709937	10.054820813273817	10.773516530854366	11.542679778004604	12.365602504656458	13.24578777127471	14.18696494668586	15.193106384197659	16.268445691863135	17.417497096903354	18.64507712788437	19.956327652847317	21.356741330978704	22.85218918256731	24.448950645641823	26.15374640008799	27.9737739372232	29.916746907761244	31.99093733358515
8.17926449239657	8.705370458060232	9.264096341220466	9.857277494654294	10.486853518486456	11.154875811087686	11.863515844126374	12.61507413434854	13.411990156684151	14.25685300108157	15.152413134400993	16.10159516935827	17.10751188694918	18.173479411851563	19.303033923655438	20.49994970849783	21.768258976445765	23.112273326539693	24.5366072351106	26.04620356265924
7.596596548642282	8.027666479783145	8.48157810835513	8.959413409870875	9.462311755218519	9.991474584786996	10.548170422581396	11.133740586858703	11.749605141300513	12.397269728817871	13.07833250085486	13.794492627201969	14.547558040619535	15.339455684606015	16.172240857567445	17.04810848866537	17.96940480268865	18.938640002695216	19.95850189031641	21.03187039564409
7.0689413112268635	7.416528061752917	7.779536138259605	8.158586212385963	8.554335193134326	8.967479032163858	9.398757211388943	9.848956466772659	10.31891550167899	10.809529821014848	11.32175705973519	11.85662255501717	12.415225499832506	12.998745338143303	13.608448690765947	14.2456966316064	14.911952515721694	15.608789906002706	16.337901525023817	17.101107923888428
6.471043463531357	6.7402624826938595	7.01915363282057	7.308057414253847	7.607340365117856	7.917397469401898	8.23865520616268	8.571574618965201	8.916654812089554	9.27443638386188	9.645505107439567	10.030496043278239	10.430097357272077	10.845054663083568	11.276175328592249	11.724333048649827	12.190472242956544	12.675613063314024	13.180855969421149	13.707386732634456
5.807299448882262	6.0032331767623415	6.204463791353005	6.411167406093509	6.6235394877475064	6.841796802276464	7.06617933102799	7.296952191043825	7.534407635582005	7.778867025991087	8.030682929747535	8.290240404584377	8.55796021441471	8.83429935683716	9.119753504294593	9.414858535422635	9.720192192988579	10.03637541119893	10.364074035402144	10.703999847916524
5.1932803553732905	5.329155489768281	5.467586366286754	5.608683986863479	5.75257487958705	5.899402008810818	6.049325665318484	6.202524275498549	6.359195146124333	6.519555040601831	6.6838406944440285	6.852309228778863	7.025238387316556	7.202926657431525	7.385693275716271	7.573878013966249	7.767841076559089	7.967962605526356	8.174642229950198	8.388298605865838
4.525487403212301	4.611667118548143	4.6989045610139	4.787300176437773	4.876966637136539	4.968028873929364	5.06062425889931	5.154902575479718	5.251025857314512	5.349168250315866	5.449515568860024	5.552264938065138	5.657624193511513	5.765811339719503	5.877053810759337	5.9915875057855175	6.109656770166849	6.231512709443738	6.3574129167730336	6.487620630302766
