4088.450047141003
3427.243998068509
3219.698692876125
3431.0540506263624
3422.533981857643
2675.299546061837
2284.044219334244
2779.9879956705217
2383.3773742922317
2129.298983025364
1773.6496346038648
1776.4558486832398
1960.688570204019
1248.4038801742493
1409.2791472485605
1324.5533278129053
1282.744986811991
1093.4985286754306
1079.6250560408153
1156.0439190237403
942.6271064535205
931.294939707424
1041.4787251741552
778.7136634262332
803.8053484441116
741.8145750261118
668.3915282097785
716.0656240192423
558.884651371833
722.2951151255497
622.4972267117738
438.2702076617655
485.3286226989385
381.0182816327725
431.57998257181043
369.58251404128475
371.1187525408849
378.97527791340644
303.470484108636
274.22624914341924
413.07050438508645
342.6367973489671
201.9229072097553
284.3313201746413
221.1881347264641
294.5253187799949
198.4197821925004
234.68806313381816
172.7343006378011
161.95298552189874
162.60417370106813
182.31896579887984
117.72913094900593
106.97232611428467
113.30248050777044
106.87190121954767
120.66117177366137
110.26122005051866
109.74895739792174
67.63690072244096
72.47068480636275
77.38236600545007
90.74602570065862
70.54874061080662
63.94907459289475
68.9875367072809
51.82632785782969
61.35526769078456
42.789419521278674
61.336023578490156
35.837249070824356
45.690216653407234
28.063389541382055
35.48182521218095
33.846767412295094
28.48848811673344
28.80491997047141
22.299857914181104
22.415707308515813
26.77818205464819
16.864671235012572
16.774347654031565
22.97495559469242
16.102908190054343
15.971733996571508
12.135756418183092
15.129480853598592
9.648935708378911
16.41107237247516
11.745923727455065
15.058222946800761
6.976070001323094
9.201988160176725
11.215894852767931
9.372049598975604
8.514622921399289
7.767200184077746
6.538113546794861
4.973437785765325
5.521279398746339
5.763644372841624
4.661955353064662
6.977507889369604
4.0073487062539055
4.41327870728004
3.6588184878469425
3.3216534019017776
2.816464972654198
3.1599305260873036
3.773411061715671
2.9060645643052188
2.248772948932508
2.01923977513132
2.0410987374805574
2.1038322471813427
2.043264171740617
1.5566452870124114
2.405692962365112
1.4681119082065495
1.5842887019921288
1.0779984090065002
1.3514716723499731
1.4934855423336995
1.1959367578411015
0.8459767553091283
0.9708283280355731
1.5625084768627704
1.2668474224199953
0.9658796539301404
0.8238579434194131
0.7488256200675159
0.9972533663949822
0.6811463583260551
0.7300215253594982
0.6936290637729101
0.5670744235770587
0.5215478479869796
0.5003905059670462
0.28663910605640075
0.32193494968809655
0.2886632061620632
0.48448109670521866
0.31560847591436914
0.4249086389294
0.4138280756941431
0.2503278388272073
0.2039918905344677
0.1657920371071621
0.3050154874823455
0.2713099467829108
0.17917575810554986
0.2243292050388573
0.13803348476290306
0.22467991965735384
0.121499673171887
0.21617993305607403
0.1548152145303437
0.08846255662677074
0.10336547276399843
0.07691050747079087
0.1606287540725725
0.054320625797801794
0.1348861527993394
0.09319173383004555
0.052504559047314825
0.06856670924012206
0.06480462294156755
0.07936046804140151
0.06820748072308408
0.05270263866014768
0.06925430667511029
0.07321495856675524
0.03726253367060292
0.042921823041663004
0.02913141042309245
0.03755293427009734
0.028559580979694785
0.02274055178569672
0.037661223116049025
0.03407050937728616
0.02316292845036068
0.01819482760531225
0.02196486189174863
0.016437084967942807
0.022742116192595432
0.02577093391965349
0.01283288373672669
0.018834159896775064
0.011477743509823021
0.021827700431666378
0.01352951531237811
0.014194593741569506
0.00668875157731704
0.029011566559874292
0.013179271268173915
0.01168318976996306
0.0054088838220371915
0.014012531767252694
0.006718484114438554
0.0024520577421148068
