5.120412992834780241e-02
2.482400560345890406e-01
1.173980058418151229e+00
4.838944329760677121e+00
8.430069691531592468e+00
5.320397682442036036e+00
4.889812394457173639e+00
5.534613099341459730e+00
6.290082718392222993e+00
6.001325826478701941e+00
5.185369938718467964e+00
4.123475657898920232e+00
2.949739780623680918e+00
1.925004850790173583e+00
1.198856064492279438e+00
7.006440462622399723e-01
3.871244695743549236e-01
2.080130022420402514e-01
1.052437691548673143e-01
5.081191139986582228e-02
2.456921657290762895e-02
1.386806547963374825e-02
8.529984116313685250e-03
5.780425070511768793e-03
2.716539594494637999e-03
2.510468141161015243e-03
5.955636005498352037e-03
7.215348044533720362e-03
6.034778707098661932e-03
5.664902832798565657e-03
