5.120412992834780241e-02
1.114242975654604340e-01
2.417150018731285543e-01
5.218167695184399157e-01
1.114829750723414170e+00
2.327520696009704348e+00
4.545885837686860498e+00
7.496080541614499104e+00
8.571067903465150906e+00
6.719252162900437142e+00
5.411844714392340272e+00
4.979166440602298849e+00
4.785319826753829275e+00
5.494229135659578489e+00
6.705543652225889772e+00
6.208088670045496471e+00
6.212825885025960559e+00
6.104024030638604437e+00
6.022559455070754630e+00
5.820283067506227148e+00
5.361124798226284405e+00
4.865826427440160806e+00
4.345628915087214494e+00
3.744713823226535787e+00
3.182486942724954915e+00
2.624672730018853262e+00
2.125202565907207575e+00
1.699587532973216852e+00
1.349530344693524508e+00
1.051281599989963400e+00
8.062029457305286417e-01
6.114760310382573172e-01
4.576122331500097618e-01
3.377911294329563607e-01
2.492766488126938462e-01
1.828778335357884310e-01
1.304996683074138852e-01
9.200015959836552182e-02
6.408968983255176888e-02
4.496666776240552943e-02
3.118952345469304388e-02
2.227035607681021601e-02
1.670634815190520650e-02
1.288413745160499335e-02
9.621057206404395878e-03
6.640330134669289452e-03
6.716523315830918994e-03
6.104989621066911343e-03
1.157447046541804081e-03
5.487466188819470347e-03
4.455838392973560103e-03
9.896389455791715362e-04
1.389065989220936159e-03
5.519738153226816380e-03
5.659339720037029342e-03
1.309323956317970383e-03
2.324418523985932739e-02
5.217640970008458057e-03
1.130765331689417841e-03
5.664902832798565657e-03
